0.0409
0.07701
0.110809
0.1415281
0.17167529
0.200807761
0.2285269849
0.25507428641
0.279766857769
0.302090171992
0.321681154793
0.339213039314
0.354291735382
0.367362561844
0.37922630566
0.390003675094
0.399903307584
0.408812976826
0.416731679143
0.423858511229
0.430272660106
0.436345394095
0.441910854686
0.447019769217
0.451717792296
0.456346013066
0.460811411759
0.465130270583
0.469317243525
0.471985519173
0.473586967255
0.47432827053
0.475095443477
0.477385899129
0.482547309216
0.490292578295
0.499763320465
0.512986988419
0.531788289577
0.557209460619
0.583788514557
0.609909663101
0.642218696791
0.677996827112
0.715397144401
0.752957429961
0.790561686965
0.830505518268
0.876854966441
0.928769469797
0.979592522818
1.02533327054
1.07319994348
1.12547994913
1.17563195422
1.2226687588
1.27300188292
1.32100169463
1.36930152516
1.41817137265
1.46685423538
1.51286881184
1.56528193066
1.61685373759
1.67046836383
1.72082152745
1.77113937471
1.82012543724
1.86801289351
1.91351160416
1.95446044374
1.99291439937
2.03332295943
2.08309066349
2.13168159714
2.17741343743
2.21857209368
2.25661488432
2.29085339588
2.3196680563
2.34170125067
2.3615311256
2.38037801304
2.40024021174
2.41711619056
2.43930457151
2.45727411436
2.47854670292
2.48189203263
2.48490282936
2.50451254643
2.52976129179
2.52898516261
2.50758664635
2.47922798171
2.44260518354
2.40454466519
2.36959019867
2.3357311788
2.29815806092
2.25834225483
2.22140802935
2.18456722641
2.14801050377
2.10800945339
2.06590850805
2.01891765725
1.96872589152
1.91775330237
1.86697797213
1.81488017492
1.76279215743
1.71261294169
1.66555164752
1.62169648277
1.57162683449
1.51736415104
1.46242773594
1.40788496234
1.35429646611
1.2997668195
1.24529013755
1.19116112379
1.13784501141
1.08496051027
1.03306445925
0.981858013321
0.930872211988
0.88218499079
0.837566491711
0.79510984254
0.751198858286
0.707178972457
0.666461075211
0.62871496769
0.593643470921
0.561379123829
0.531641211446
0.504777090302
0.480099381271
0.457389443144
0.43645049883
0.417705448947
0.400934904052
0.385941413647
0.372247272282
0.360022545054
0.349120290549
0.339208261494
0.330487435344
0.32273869181
0.315864822629
0.309578340366
0.303820506329
0.298638455697
0.294074610127
0.290167149114
0.286650434203
0.283585390782
0.281226851704
0.280304166534
0.28127374988
0.283246374892
0.285621737403
0.288559563663
0.291403607297
0.293663246567
0.29559692191
0.297337229719
0.299003506747
0.300703156073
0.302332840465
0.303899556419
0.305509600777
0.306958640699
0.308262776629
0.309336498966
0.31020284907
0.310882564163
0.311494307746
0.311944876972
0.312250389275
0.312525350347
0.312672815312
