0.6
0.544
0.534
0.537
0.0
0.485
0.541
0.537
0.532
0.539
0.532
0.537
0.533
0.517
0.535
0.534
0.535
0.537
0.535
0.521
0.538
0.515
0.535
0.515
0.527
0.503
0.451
0.533
0.531
0.533
0.529
0.534
0.541
0.53
0.533
0.536
0.534
0.0
0.536
0.535
0.0
0.54
0.522
0.541
0.451
0.478
0.465
0.502
0.545
0.536
0.493
0.505
0.535
0.498
0.508
0.535
0.534
0.462
0.534
0.48
0.476
0.537
0.482
0.482
0.493
0.498
0.53
0.51
0.536
0.451
0.483
0.475
0.472
0.477
0.472
0.488
0.495
0.536
0.454
0.475
0.453
0.532
0.452
0.535
0.535
0.463
0.475
0.485
0.538
0.559
0.544
0.547
0.551
0.555
0.526
0.538
0.544
0.54
0.576
0.544
0.0
0.55
0.543
0.583
0.542
0.568
0.543
0.542
0.54
0.545
0.541
0.541
0.517
0.479
0.485
0.536
0.538
0.493
0.537
0.475
0.48
0.502
0.473
0.444
0.526
0.524
0.513
0.466
0.483
0.537
0.525
0.465
0.517
0.544
0.507
0.542
0.499
0.495
0.471
0.496
0.541
0.489
0.532
0.51
0.538
0.54
0.539
0.0
0.523
0.538
0.536
0.539
0.544
0.545
0.544
0.543
0.0
0.601
0.0
0.0
0.554
0.567
0.622
0.581
0.0
0.559
0.0
0.542
0.545
0.539
0.528
0.539
0.579
0.541
0.543
0.54
0.542
0.542
0.543
0.544
0.544
0.548
0.542
0.54
0.541
0.539
0.538
0.546
0.539
0.541
0.537
0.539
0.54
0.543
0.543
0.544
0.543
0.541
0.54
0.0
0.543
0.542
0.541
0.543
0.544
0.544
0.542
0.546
0.545
0.544
0.0
0.538
0.54
0.535
0.539
0.538
0.541
0.539
0.0
0.541
0.0
0.538
0.535
0.54
0.543
0.547
0.554
0.602
0.603
0.546
0.0
0.0
0.0
0.0
0.0
0.603
0.551
0.543
0.0
0.542
0.556
0.544
0.539
0.545
0.548
0.611
0.609
0.0
0.598
0.546
0.547
0.545
0.547
0.549
0.54
0.54
0.498
0.539
0.54
0.537
0.534
0.54
0.54
0.534
0.54
0.54
0.541
0.532
0.543
0.542
0.539
0.568
0.536
0.544
0.538
0.542
0.0
0.54
0.54
0.0
0.544
0.547
0.0
0.544
0.539
0.535
0.539
0.545
0.546
0.544
0.544
0.543
0.59
0.604
0.545
0.545
0.54
0.539
0.549
0.523
0.606
0.608
0.611
0.598
0.575
0.547
0.547
0.536
0.578
0.543
0.605
0.578
0.611
0.603
0.0
0.571
0.616
0.612
0.604
0.554
0.546
0.55
0.604
0.551
0.542
0.529
0.521
0.549
0.547
0.548
0.563
0.559
0.561
0.552
0.603
0.605
0.545
0.608
0.556
0.552
0.555
0.602
0.0
0.601
0.605
0.604
0.605
0.551
0.559
0.561
0.583
0.598
0.547
0.549
0.556
0.566
0.597
0.598
0.554
0.601
0.562
0.0
0.601
0.551
0.604
0.552
0.618
0.0
0.592
0.606
0.608
0.615
0.617
0.562
0.563
0.591
0.593
0.548
0.0
0.606
0.613
0.0
0.627
0.617
0.61
0.608
0.619
0.548
0.607
0.621
0.619
0.607
0.546
0.617
0.609
0.543
0.332
0.0
0.336
0.338
0.0
0.0
0.0
0.0
0.0
0.0
0.0
0.0
0.0
0.363
0.666
0.669
0.666
0.663
0.631
0.549
0.65
0.651
0.65
0.652
0.652
0.653
0.654
0.644
0.0
0.645
0.0
0.0
0.0
0.644
0.642
0.0
0.0
0.0
0.0
0.0
0.0
0.0
0.651
0.647
0.65
0.65
0.65
0.65
0.649
0.65
0.645
0.645
0.653
0.65
0.651
0.648
0.647
0.648
0.634
0.0
0.639
0.636
0.639
0.643
0.0
0.0
0.64
0.645
0.655
0.653
0.642
0.644
0.648
0.651
0.646
0.645
0.648
0.0
0.648
0.647
0.648
0.65
0.652
0.652
0.654
0.0
0.641
0.65
0.651
0.647
0.647
0.652
0.652
0.654
0.652
0.65
0.648
0.65
0.649
0.645
0.643
0.645
0.648
0.645
0.645
0.644
0.649
0.65
0.648
0.654
0.65
0.651
0.638
0.639
0.651
0.0
0.0
0.636
0.626
0.649
0.635
0.645
0.653
0.702
0.0
0.0
0.0
0.604
0.469
0.345
0.0
0.3
0.326
0.314
0.0
3.293
3.667
3.001
0.572
0.53
0.612
0.696
0.778
0.901
0.0
1.144
1.96
1.983
1.131
1.127
1.099
1.203
1.251
1.249
1.156
1.057
0.961
0.925
2.949
3.015
3.126
3.083
3.083
3.277
3.57
0.835
0.0
0.0
0.0
0.0
0.0
0.0
0.0
0.0
0.0
0.0
0.0
0.0
0.0
0.0
0.0
0.0
0.0
0.0
0.0
0.0
0.0
0.0
0.0
0.0
0.0
0.0
0.0
0.0
0.0
0.0
0.0
0.0
0.0
0.0
0.0
0.0
0.0
0.0
0.0
0.0
0.0
0.0
0.0
0.0
0.0
0.0
0.0
0.0
0.0
0.0
0.0
0.0
0.0
1.299
1.142
0.255
1.231
1.28
0.0
1.413
1.443
1.521
1.592
1.631
1.679
1.709
2.85
3.042
2.924
2.924
2.962
2.975
2.911
2.975
2.911
2.862
2.862
2.899
2.815
2.911
2.886
2.826
2.791
2.838
2.355
0.0
2.78
2.862
2.85
2.78
2.815
2.67
2.815
1.623
1.611
1.615
1.604
1.607
1.589
1.6
1.6
1.604
2.803
2.862
2.899
2.936
2.899
2.862
2.988
2.874
2.862
2.838
2.838
2.874
2.757
2.803
2.838
2.862
2.899
2.874
2.826
2.815
2.826
2.886
2.899
2.874
2.862
1.577
1.596
1.607
2.899
2.936
2.85
2.886
2.85
2.911
2.936
3.015
3.069
3.042
3.028
3.111
3.245
3.358
3.608
3.627
3.707
3.57
3.478
0.0
0.0
0.273
1.619
3.375
3.309
3.443
3.832
1.631
1.552
1.65
1.638
1.592
1.528
1.501
1.497
1.501
1.494
1.481
1.465
1.475
1.468
1.517
1.484
1.491
1.478
1.511
1.491
1.41
1.401
1.401
1.404
1.401
1.396
1.393
1.396
1.399
1.39
1.387
1.39
1.384
1.39
1.387
1.379
1.381
1.396
1.401
1.401
1.41
1.416
1.41
1.393
1.399
1.368
1.379
1.368
0.0
2.769
2.886
3.015
2.803
0.0
1.108
0.975
0.88
0.831
0.789
0.776
3.083
3.028
0.0
0.0
1.053
1.034
1.034
1.036
1.026
1.029
1.032
1.025
1.023
1.018
1.025
1.02
1.029
1.082
1.325
1.44
1.535
1.542
1.559
1.549
1.589
1.654
3.042
3.015
3.042
0.0
1.642
1.607
1.542
1.531
1.535
1.535
1.528
1.559
1.559
1.567
1.538
1.538
1.528
1.531
1.511
2.791
2.924
2.886
2.886
2.874
2.975
3.083
2.388
2.276
1.983
1.955
1.972
0.0
3.496
1.574
1.549
1.531
1.443
1.44
1.401
1.376
1.333
1.312
1.309
1.309
1.315
1.315
1.315
2.862
2.826
2.874
2.936
3.001
1.368
1.362
1.359
1.354
1.354
1.346
1.346
1.346
1.349
0.0
3.001
3.083
1.333
1.351
1.381
1.349
1.37
1.343
1.333
1.322
1.327
1.335
0.0
2.702
2.78
2.78
2.85
1.338
1.327
1.325
1.317
1.32
1.327
1.327
2.949
3.001
2.886
2.975
2.988
3.055
3.042
3.155
3.2
3.496
3.647
0.516
1.995
1.966
0.752
2.043
1.983
2.049
2.025
2.094
2.068
2.074
2.037
2.037
1.989
2.013
2.037
2.013
2.037
1.983
2.025
2.037
2.031
1.995
2.043
2.037
2.031
1.966
1.966
2.007
2.001
2.025
2.062
2.037
2.037
2.037
2.031
1.972
2.031
2.055
2.025
2.001
2.037
2.019
1.989
2.037
2.049
1.989
2.043
1.983
2.025
2.013
2.055
2.025
2.043
2.019
2.087
2.025
2.019
1.995
0.975
0.963
1.009
1.169
1.379
1.468
1.535
1.524
1.6
1.596
1.607
1.65
2.405
1.667
1.574
1.581
1.563
1.545
1.521
1.434
1.431
1.416
1.422
1.428
1.462
1.491
1.484
1.481
1.484
1.478
1.468
1.471
1.481
1.488
1.471
1.491
1.459
1.425
1.413
1.41
1.413
1.428
1.478
1.465
2.826
2.803
2.838
2.874
2.862
2.975
3.083
3.111
3.126
2.629
2.315
2.031
1.249
0.996
1.949
0.764
0.733
0.724
0.741
0.0
0.0
2.025
0.0
0.186
0.0
0.179
0.175
0.0
0.0
0.0
0.0
0.647
0.0
0.0
2.025
0.0
0.0
1.828
0.465
1.889
1.687
0.0
1.646
1.7
2.65
2.692
2.681
2.65
2.681
2.681
2.692
2.713
2.629
2.724
1.494
1.379
1.32
1.194
1.134
0.958
0.874
0.833
0.818
0.793
0.791
0.791
0.87
0.918
0.877
0.839
0.0
1.983
1.927
1.938
1.853
0.0
0.0
0.0
0.0
0.963
0.0
0.0
0.0
0.0
0.0
0.0
0.0
0.0
0.0
0.0
0.0
0.0
1.776
0.0
0.843
0.861
0.0
0.0
0.0
0.0
0.0
0.0
0.0
0.0
0.0
0.0
0.0
0.0
0.0
0.0
0.0
0.0
0.0
0.0
0.0
0.0
0.0
0.0
0.0
0.0
0.0
0.0
0.0
0.0
0.0
0.0
0.0
0.0
0.0
0.0
0.0
0.0
0.0
0.0
0.0
0.0
0.0
0.893
0.943
1.034
1.178
1.247
1.343
1.387
1.507
1.507
1.504
1.497
1.596
3.069
0.0
1.577
1.6
1.596
1.577
1.607
0.0
0.0
0.0
1.615
1.589
1.556
1.567
1.574
1.585
1.567
1.581
1.57
1.567
1.559
1.549
2.746
2.874
2.862
2.899
2.949
2.975
3.083
2.331
2.217
1.869
1.949
0.0
0.0
0.0
3.533
3.23
0.269
1.273
1.203
1.146
1.11
1.119
1.022
1.025
1.123
1.134
1.07
1.075
1.112
1.101
1.108
1.105
1.101
1.094
1.117
1.084
1.087
1.078
1.11
1.123
1.112
1.129
1.105
1.11
1.065
2.936
2.936
2.988
2.988
3.055
3.375
3.768
3.686
3.707
3.443
1.256
1.172
0.286
0.281
0.0
0.28
0.0
0.0
0.894
0.929
0.896
0.0
0.0
0.274
0.0
0.0
0.0
0.0
0.0
0.0
0.0
0.914
0.933
0.893
0.0
0.0
0.0
0.0
0.882
0.0
0.887
0.897
0.883
0.882
0.883
0.89
0.888
0.894
0.886
0.888
0.891
0.875
0.88
0.879
0.0
0.0
0.0
0.0
0.0
0.0
0.0
0.0
0.0
0.874
0.0
0.0
0.0
0.0
0.0
0.871
0.0
0.0
0.866
0.0
0.0
0.0
0.0
0.0
0.0
0.0
0.0
0.0
0.838
0.889
0.992
1.091
0.0
0.0
1.96
0.0
0.0
0.0
0.0
0.0
0.0
1.528
1.574
1.574
1.607
1.623
1.631
1.627
1.663
1.642
1.631
1.585
1.552
1.531
1.528
1.545
1.545
1.517
1.494
1.481
1.465
1.443
1.459
1.44
1.449
1.484
1.478
1.494
1.504
0.0
0.0
1.501
0.0
1.504
0.0
1.504
1.501
1.501
1.504
1.501
1.497
1.494
1.501
1.507
1.501
0.0
1.504
1.501
0.0
1.501
1.491
1.501
1.504
1.501
1.501
1.501
1.497
1.511
1.504
1.504
1.507
1.497
0.0
2.826
2.886
2.911
2.924
2.936
3.001
3.083
2.355
1.459
1.491
1.524
1.79
1.879
1.889
1.972
1.949
2.055
1.739
1.428
0.0
0.0
1.33
1.312
1.302
1.28
1.282
1.297
1.312
0.275
0.0
1.273
1.218
1.174
1.182
1.19
1.148
1.119
1.092
1.07
1.057
1.047
1.047
1.028
1.034
1.032
1.032
1.031
1.034
1.017
1.022
1.023
1.023
1.022
1.026
1.025
1.02
1.02
1.014
1.017
1.014
1.02
1.018
1.028
1.023
1.02
1.023
1.026
1.025
1.018
1.026
1.018
1.023
1.023
1.028
1.025
1.025
1.028
1.028
1.022
1.025
1.023
1.025
1.029
1.026
1.026
1.022
1.026
1.025
1.026
1.025
1.025
1.026
1.028
1.032
1.034
1.015
1.003
1.006
2.713
2.911
2.975
2.936
2.936
2.949
3.17
3.426
3.627
3.707
3.727
3.426
1.592
0.276
3.111
3.325
3.426
3.667
3.478
2.299
1.549
1.491
1.465
1.446
1.449
1.431
1.416
1.416
1.399
1.422
1.452
1.359
1.317
1.315
1.343
1.349
1.343
1.357
1.362
1.376
1.368
1.379
1.381
1.368
1.368
1.368
1.379
1.365
1.359
1.365
1.365
1.357
1.362
1.359
1.359
1.359
1.354
1.365
1.373
1.37
1.362
1.365
1.368
1.362
1.362
1.362
1.365
1.359
1.362
1.381
1.387
0.0
2.962
2.899
2.886
0.0
1.247
1.315
1.373
1.404
1.431
2.66
2.619
2.54
2.55
2.458
2.414
2.372
2.202
2.094
2.074
2.074
2.094
2.087
2.081
2.107
2.133
2.195
1.938
1.895
1.804
1.735
3.667
5.653
5.56
5.062
5.56
0.0
6.056
5.95
3.876
3.57
3.111
2.713
2.1
0.0
1.96
2.133
0.0
1.194
1.299
1.325
1.023
1.161
1.425
1.368
1.443
1.57
1.814
1.794
1.78
2.962
3.055
5.847
2.224
0.0
3.055
0.0
3.042
5.47
3.055
2.886
5.898
2.874
5.7
2.911
5.653
2.862
5.653
2.874
6.111
2.791
3.001
2.757
2.38
2.769
2.269
2.746
1.922
2.65
1.895
0.278
3.627
0.275
3.126
0.0
2.307
2.936
3.261
3.277
3.515
3.409
3.768
3.627
3.686
3.533
3.358
3.245
3.015
3.185
3.515
3.768
2.246
1.838
1.6
1.538
1.514
1.517
1.667
1.654
1.607
1.511
1.497
1.491
1.471
1.478
1.462
1.517
1.528
1.494
1.511
1.545
1.615
1.687
5.606
5.258
0.0
0.0
0.0
0.0
5.341
5.56
2.087
2.323
2.458
2.449
2.56
2.599
2.599
2.639
2.629
2.107
0.0
3.055
3.245
3.126
2.65
3.155
0.0
2.599
2.56
0.0
1.327
0.0
0.0
1.218
1.263
0.0
0.0
2.988
0.0
1.053
0.0
0.949
0.0
0.0
0.865
0.847
0.813
0.828
0.759
0.522
0.639
0.59
0.523
0.455
0.44
0.401
0.383
0.375
0.388
0.384
0.381
0.369
0.358
0.351
0.349
0.347
0.346
0.346
0.347
0.348
0.349
0.351
0.351
0.352
0.351
0.351
0.351
0.351
0.351
0.351
0.351
0.351
0.351
0.35
0.35
0.352
0.353
0.353
0.357
0.36
0.0
0.0
0.36
0.359
0.366
0.357
0.36
0.356
0.36
0.372
0.392
0.404
0.416
0.429
0.458
0.541
0.621
3.409
3.277
0.779
0.803
0.0
0.95
1.028
1.068
1.138
1.229
2.019
1.799
1.488
1.384
1.399
1.401
1.416
1.484
1.514
1.567
1.528
1.507
1.501
1.504
1.507
1.521
1.507
1.497
1.491
1.514
1.521
1.528
1.517
1.501
1.491
1.475
1.465
2.531
2.619
2.639
2.681
1.545
1.511
1.549
1.577
1.581
1.604
1.57
1.577
1.574
1.559
1.521
1.497
1.484
1.491
1.478
1.484
1.491
1.504
1.514
1.549
1.538
1.521
1.528
1.542
1.545
1.531
1.545
1.507
1.491
2.66
2.85
2.886
2.936
2.911
3.055
3.028
3.111
2.838
2.284
2.209
2.013
1.884
1.911
2.081
2.107
2.253
0.0
1.404
1.419
1.384
1.365
1.359
1.373
1.407
1.434
1.428
1.446
1.481
1.531
1.507
1.491
1.484
1.507
1.491
1.465
1.446
1.465
2.803
2.599
1.425
1.434
1.44
1.443
1.446
1.452
1.462
1.462
1.478
1.491
1.507
1.528
1.535
1.556
1.585
1.615
1.675
1.726
2.589
2.886
2.85
2.838
2.803
2.962
2.874
2.924
2.85
2.862
2.862
2.886
2.911
2.949
2.936
3.015
3.001
2.988
3.14
3.042
3.015
2.962
3.028
2.949
2.962
3.028
3.083
3.097
2.962
2.962
3.015
2.975
3.015
3.001
2.962
2.911
3.001
2.988
2.975
2.886
2.949
2.899
3.015
2.936
2.936
1.549
1.456
1.399
1.381
1.357
1.384
2.899
2.838
2.85
2.949
2.85
1.159
1.174
1.198
0.0
0.0
0.0
0.0
0.0
1.263
1.294
1.304
1.263
1.227
1.169
1.068
1.067
1.084
1.116
1.299
1.341
0.0
2.609
2.54
2.56
0.0
1.15
1.154
0.0
0.0
1.265
1.251
1.275
0.0
1.146
1.15
1.163
1.18
1.19
1.188
1.18
1.186
1.178
1.186
1.192
1.188
1.192
1.19
1.184
1.18
1.188
1.186
1.192
1.186
1.19
1.18
1.182
0.0
1.182
0.0
1.186
1.188
0.0
0.0
1.186
1.19
0.0
1.186
1.184
1.192
1.28
0.0
0.0
0.0
0.0
1.247
1.28
2.975
2.975
2.988
2.949
2.936
1.501
1.501
1.507
1.552
1.589
1.611
3.097
2.936
3.001
2.975
2.949
2.924
2.936
3.055
3.069
3.001
2.949
2.757
2.936
2.975
2.924
2.874
2.85
2.911
2.874
2.911
3.001
2.911
2.899
2.936
2.924
3.028
2.975
3.001
2.988
2.874
2.899
2.886
3.001
2.949
2.803
2.815
2.911
2.886
2.911
2.746
2.886
2.911
2.924
2.924
1.6
1.504
1.484
1.425
1.428
1.437
2.826
2.962
2.924
1.333
1.297
0.0
0.0
0.0
0.0
1.258
1.263
1.254
2.924
2.85
2.936
2.924
2.962
3.23
3.215
3.478
3.409
3.627
3.707
3.748
3.686
3.515
3.277
3.14
3.055
1.619
1.623
1.623
1.627
2.133
1.57
1.634
1.654
1.619
1.556
1.501
1.514
1.507
1.497
1.491
1.514
1.521
1.531
1.501
1.504
1.535
1.552
1.552
1.592
1.604
1.596
1.604
1.611
1.619
1.642
1.634
0.0
0.0
1.642
1.658
1.696
2.531
2.681
2.724
2.681
2.195
1.833
1.874
1.879
2.55
2.746
2.757
2.724
2.724
2.746
2.746
2.746
2.757
2.746
2.713
2.735
2.681
2.692
2.702
2.692
2.67
2.66
2.599
2.702
2.67
2.724
2.67
2.735
2.746
2.724
2.791
2.013
1.675
1.607
1.545
1.528
1.501
1.481
1.452
1.425
1.419
1.41
1.396
1.384
1.322
1.297
1.268
1.247
1.224
1.201
1.103
1.053
1.02
0.973
0.912
0.838
0.754
0.682
0.64
0.6
0.57
0.55
0.0
2.153
1.905
1.889
2.043
0.0
0.498
0.487
0.479
0.484
0.483
0.475
0.468
0.467
0.475
0.486
0.495
0.501
0.499
0.497
0.501
0.508
0.513
0.513
0.513
0.516
0.519
0.522
0.0
0.214
0.196
0.192
0.187
0.194
0.0
0.55
0.561
0.572
0.582
0.588
0.595
0.597
0.592
0.591
0.596
0.596
0.594
0.598
0.597
0.593
0.592
0.59
0.591
0.592
0.592
0.592
0.593
0.594
0.593
0.594
0.593
0.593
0.596
0.597
0.598
0.599
0.596
0.597
0.595
0.594
0.594
0.594
0.594
0.594
0.594
0.596
0.595
0.595
0.596
0.596
0.599
0.599
0.598
0.6
0.6
0.602
0.603
0.603
0.603
0.608
0.603
0.603
0.604
0.605
0.606
0.605
0.605
0.602
0.602
0.603
0.605
0.602
0.6
0.599
0.6
0.597
0.598
0.599
0.597
0.597
0.597
0.597
0.593
0.594
0.6
0.598
0.593
0.592
0.591
0.59
0.591
0.59
0.59
0.589
0.59
0.589
0.59
0.59
0.59
0.589
0.589
0.589
0.59
0.589
0.59
0.591
0.592
0.592
0.591
0.59
0.59
0.59
0.589
0.59
0.589
0.588
0.588
0.588
0.587
0.587
0.587
0.586
0.587
0.588
0.588
0.587
0.587
0.587
0.586
0.587
0.587
0.587
0.588
0.591
0.589
0.588
0.588
0.587
0.583
0.585
0.585
0.586
0.584
0.584
0.583
0.582
0.581
0.582
0.577
0.577
0.579
0.577
0.579
0.579
0.58
0.583
0.582
0.584
0.579
0.571
0.556
0.535
0.505
0.487
0.453
0.424
0.402
0.38
0.367
0.365
0.346
0.337
0.342
0.0
0.0
0.0
0.0
0.0
0.0
0.0
0.0
0.0
0.0
0.0
0.0
0.0
0.0
0.0
1.932
0.0
0.175
0.175
0.174
0.0
0.0
0.0
0.0
0.177
1.823
0.177
1.18
0.0
1.15
0.0
0.0
0.177
0.183
0.174
0.177
0.175
0.177
1.446
0.173
1.521
0.0
1.581
0.177
1.517
0.177
0.185
0.0
0.185
0.182
0.182
0.182
0.0
0.178
0.181
0.0
0.184
0.18
0.184
0.0
0.192
0.0
0.0
0.176
0.177
0.179
0.0
0.0
0.0
0.0
0.0
0.182
0.173
0.201
0.0
0.184
0.191
0.0
0.0
0.213
0.234
0.239
0.207
0.0
0.216
0.215
0.223
0.234
0.247
0.267
0.285
0.276
0.264
0.247
0.221
0.227
0.235
0.235
0.227
1.144
1.125
0.195
1.067
1.04
0.0
1.02
0.178
1.06
0.181
0.248
0.205
2.911
0.254
2.975
0.338
2.975
0.427
0.0
0.647
0.648
0.338
0.323
0.309
0.305
0.302
0.302
0.299
0.301
0.303
0.305
0.315
0.307
0.308
0.309
0.304
0.303
0.308
0.301
0.304
0.302
0.307
0.3
0.301
0.3
0.3
0.306
0.301
0.3
2.292
0.309
0.0
0.0
2.025
2.055
0.0
0.0
0.0
0.0
0.0
0.0
0.0
0.0
0.0
0.0
0.0
0.0
0.0
0.0
0.0
0.0
