1.5903429985
1.76701593399
2.08453202248
2.24715399742
2.39226484299
2.54790091515
2.68251204491
2.82394695282
2.970484972
3.12093305588
3.26434183121
3.42094683647
3.56175303459
3.69469499588
3.83673501015
3.9681699276
4.10508990288
4.25157499313
4.39111185074
4.55947184563
4.73168087006
4.88202500343
5.02439594269
5.16859102249
5.31969094276
5.46705698967
5.62075304985
5.76496100426
5.91461706161
6.05569887161
6.2155008316
6.35302090645
6.50481200218
6.64914894104
6.78918504715
6.93613100052
7.09166002274
7.23149490356
7.38460302353
7.52684593201
7.67606091499
7.82255506516
7.96175193787
8.10788702965
8.25196790695
8.39637994766
8.54709196091
8.6930129528
8.85670089722
9.01908493042
9.16444993019
9.30297684669
9.45452690125
9.60302090645
9.75390005112
9.90048003197
10.0304698944
10.1670670509
10.3000659943
10.4476289749
10.575578928
10.7246088982
10.8573689461
10.9905848503
11.1216158867
11.2584888935
11.4022510052
11.5252468586
11.6548569202
11.7980508804
11.9442298412
12.0803279877
12.2229368687
12.3610808849
12.4869968891
12.6102490425
12.7310259342
12.857352972
12.9804229736
13.1072199345
13.2423138618
13.3716988564
13.5000629425
13.6282179356
13.7547059059
13.8908250332
14.0309000015
14.1609079838
14.2923638821
14.4222500324
14.5567319393
14.6837899685
14.803098917
14.9321348667
15.0616929531
15.1955718994
15.3264679909
15.4622700214
15.592787981
15.7283668518
15.863877058
16.0067079067
16.1374640465
16.2672178745
16.4016709328
16.5298008919
16.6615579128
16.801669836
16.9472398758
17.0886969566
17.220856905
17.35648489
17.4814999104
17.6288058758
17.7610189915
17.891356945
18.0323889256
18.1637978554
18.2911159992
18.4292600155
18.5716798306
18.7049739361
18.835340023
18.9750828743
19.1192450523
19.266010046
19.4219398499
19.569658041
19.7090249062
19.8551819324
20.0005700588
20.1476149559
20.2946150303
20.4274849892
20.5708949566
20.7130458355
20.8600180149
21.0014610291
21.1401028633
21.2839360237
21.4296958447
21.5723679066
21.701887846
21.842674017
21.9749598503
22.1015410423
22.2479798794
22.3988058567
22.5339899063
22.6703538895
22.8084928989
22.9492528439
23.0958609581
23.2463619709
23.3951029778
23.5385668278
23.6922180653
23.8341128826
23.9728679657
24.1160590649
24.2617778778
24.4017820358
24.5478079319
24.6951730251
24.8347990513
24.9720079899
25.1283409595
25.2612450123
25.4071638584
25.5532338619
25.6924660206
25.8211410046
25.9461028576
26.0952608585
26.2354409695
26.401278019
26.5645430088
26.7153608799
26.8560528755
27.0003149509
27.139332056
27.2673099041
27.4083778858
27.545596838
