6.87204504013
8.27374005318
8.44756913185
8.62837910652
8.89529514313
9.05098414421
9.20199799538
9.35296320915
9.50461316109
9.66108798981
9.79930901527
9.96851420403
10.1117811203
10.2312920094
10.3505060673
10.4709060192
10.6504561901
10.7977850437
10.9402561188
11.1011731625
11.2728030682
11.4035131931
11.5661170483
11.7355899811
11.8777410984
12.0476009846
12.2058770657
12.3984820843
12.6230931282
12.8694391251
13.042812109
13.2018780708
13.3530910015
13.5020880699
13.6652979851
13.8633852005
14.1749441624
14.3584311008
14.534525156
14.7115800381
14.8866560459
15.0101861954
15.1690900326
15.3500261307
15.5082449913
15.6561250687
15.8923480511
16.1215541363
16.3184211254
16.4772319794
16.6128180027
16.8005340099
17.0099229813
17.1739020348
17.3841741085
17.5672130585
17.701239109
17.8320071697
17.9655210972
18.1056900024
18.2286059856
18.3530611992
18.4782910347
18.6365320683
18.8020420074
18.9472920895
19.1163861752
19.2681770325
19.3954651356
19.5146610737
19.6619729996
19.7860541344
19.937513113
20.0713992119
20.2103869915
20.3424391747
20.4722321033
20.5920870304
20.7306790352
20.877655983
21.0270690918
21.1551949978
21.2767779827
21.4166231155
21.5789730549
21.7111320496
21.8412590027
21.9728791714
22.1243741512
22.257183075
22.3854591846
22.5198600292
22.6473391056
22.8089830875
22.9394681454
23.0698180199
23.1963391304
23.3297121525
23.5046081543
23.6454501152
23.8032979965
23.9395740032
24.0550692081
24.1834471226
24.3080840111
24.4299340248
24.5482401848
24.658878088
24.7691152096
24.876376152
24.9860420227
25.0971519947
25.2113671303
25.3693480492
25.4960870743
25.6192390919
25.7424340248
25.8584611416
25.9762840271
26.0906231403
26.2112669945
26.3454730511
26.4581341743
26.5732140541
26.6929039955
26.818226099
26.9366230965
27.0708250999
27.2230601311
27.3530840874
27.4849431515
27.6154341698
27.7453820705
27.8831350803
28.0102829933
28.1486670971
28.2820281982
28.4174330235
28.5535261631
28.6878640652
28.8198480606
28.9488880634
29.0874090195
29.2182090282
29.3486630917
29.4817562103
29.6182801723
29.7472701073
29.8831231594
30.0224471092
30.1525239944
30.2843241692
30.4151551723
30.5367450714
30.6624801159
30.7885200977
30.9294040203
31.0896441936
31.2666251659
31.4213349819
31.5639691353
31.702270031
31.8563342094
32.0159261227
32.2310922146
32.5338010788
32.7006950378
32.8726592064
33.0325090885
33.4585251808
33.6193470955
33.7640631199
33.93227911
34.1313340664
34.4068450928
34.5603392124
34.7128820419
34.8594110012
35.0256290436
35.1857280731
35.3263280392
35.4676470757
35.6147181988
35.7630221844
35.8959980011
36.0388300419
36.1853191853
36.314371109
36.4589161873
36.5915980339
36.751568079
36.9042730331
37.0560371876
37.2083110809
37.3575410843
37.4941461086
37.6342279911
37.7921481133
37.9302392006
38.1014101505
38.2545762062
38.4025220871
38.5303821564
38.6649260521
38.8235960007
38.9900121689
39.1393880844
39.2859480381
39.4224481583
39.5712840557
39.7259600163
39.8730909824
40.0186061859
40.1603491306
40.3349130154
40.488915205
40.6487870216
40.8051970005
40.9570951462
41.127559185
41.280050993
41.4218091965
41.5495271683
41.6602101326
41.7888150215
41.9119160175
42.0369501114
42.1540701389
42.2930841446
42.4541890621
42.6202909946
42.7332670689
42.8704659939
43.0513679981
43.2211081982
43.3915030956
43.5426971912
43.680658102
43.8346230984
44.1273431778
44.3028810024
44.476580143
44.7084372044
44.9716861248
45.1923151016
45.3984041214
45.6701281071
45.9018290043
46.1820101738
46.4642059803
46.7495121956
47.0035631657
47.2690141201
47.5721540451
47.84060812
48.1164541245
48.3703391552
48.6052780151
48.8847751617
49.0442709923
49.2211780548
49.3961219788
49.6734921932
49.9445960522
50.2384212017
50.560781002
50.7865099907
51.0697309971
51.3815090656
51.7342610359
52.195838213
52.8196980953
53.2483332157
53.6389989853
53.9171741009
54.307185173
54.6860980988
55.0492761135
55.3181450367
55.8801870346
56.4011070728
57.037733078
57.3380200863
57.636767149
58.1156241894
58.4562001228
58.7093820572
58.9764420986
59.1500082016
59.4449651241
59.7604529858
60.3478732109
60.6467761993
60.9909610748
61.4169311523
61.806923151
62.1464221478
62.4737761021
62.8500981331
63.1343011856
63.5970301628
63.9797751904
64.3113090992
64.6083810329
65.0288181305
65.3095901012
65.5767049789
65.9024350643
66.3486661911
66.6708650589
67.0368230343
67.3476500511
67.7375171185
68.0115170479
68.2809691429
68.6454951763
68.9297270775
69.2734560966
69.5414180756
69.7661030293
69.9646980762
70.2283980846
70.471006155
70.7891721725
71.0476551056
71.3184220791
71.5846571922
71.8247470856
72.0525090694
72.4681091309
72.7054600716
72.8955311775
73.1044239998
73.2652580738
73.4547820091
73.6133310795
73.820526123
74.0184230804
74.1853611469
74.3635091782
74.5485219955
74.7482190132
74.9184360504
75.1165981293
75.2914631367
75.4522151947
75.6240470409
75.7791349888
75.9500370026
76.1243240833
76.2897691727
76.4648151398
76.6230461597
76.8006300926
76.976662159
77.164399147
77.3304979801
77.5096330643
77.6645271778
77.8726480007
78.1092782021
78.2932441235
78.4569790363
78.6191370487
78.7584831715
78.9142940044
79.0842251778
79.256772995
79.4190921783
79.5788011551
79.7370381355
79.8889970779
80.0507211685
80.1965560913
80.3615942001
80.5248630047
80.6823370457
80.8263280392
81.0133070946
81.169421196
81.3191990852
81.5016100407
81.6569571495
81.8176891804
81.9588770866
82.1516160965
82.2965970039
82.4652221203
82.620691061
82.7801930904
82.9831809998
83.1365242004
83.2921271324
83.4476630688
83.6141910553
83.7682311535
83.9596281052
84.1261191368
84.2922840118
84.4548561573
84.7179050446
85.0605771542
85.2502779961
85.3923799992
85.5237150192
85.6519370079
85.8007180691
85.952589035
86.0907711983
86.2188382149
86.3639411926
86.51841712
86.6626260281
86.7928550243
86.923677206
87.0539259911
87.1870651245
87.3186070919
87.4517700672
87.5840191841
87.7199811935
87.8571062088
87.9910640717
88.1258311272
88.2610599995
88.3974502087
88.5245790482
88.6657102108
88.8017821312
88.9308540821
89.0550851822
89.1953430176
89.3214972019
89.460999012
89.5904550552
89.729403019
89.8631792068
89.992713213
90.1293151379
90.257215023
90.3892591
90.5125510693
90.6332030296
90.7515780926
90.8664631844
90.991943121
91.1046700478
91.2209851742
91.3683919907
91.4977421761
91.6703372002
91.8556602001
92.0093832016
92.1342802048
92.2666451931
92.421765089
92.5662920475
92.6999671459
92.8350570202
92.9691209793
93.1003491879
93.2307591438
93.361271143
93.4977900982
93.6405720711
93.7735362053
93.8966860771
94.0372581482
94.1853640079
94.3174660206
94.4471280575
94.5926291943
94.7260420322
94.8561780453
94.9807641506
95.1170680523
95.246322155
95.3685441017
95.5029551983
95.6867129803
95.8662910461
96.0006911755
96.126773119
96.2619690895
96.3994040489
96.5360410213
96.665872097
96.7948350906
96.9261660576
97.0688290596
97.2047951221
97.3464381695
97.4846031666
97.6149020195
97.7592821121
97.8892691135
98.0123901367
98.1738731861
98.3285791874
98.4650940895
98.5940871239
98.7321691513
98.8939840794
99.0246469975
99.1629371643
99.2987310886
99.4420320988
99.5699419975
99.7033941746
99.8934891224
100.027456045
100.151699066
100.284568071
100.412898064
100.593948126
100.729788065
100.859597206
100.983178139
101.128311157
101.258588076
101.378735065
101.531924009
101.670953989
101.806195021
101.940071106
102.077577114
102.28442812
102.477976084
102.703505039
102.864705086
103.078917027
103.242762089
103.484948158
103.719599009
103.971510172
104.228713036
104.373167038
104.520107985
104.666516066
104.882450104
105.092797041
105.220629215
105.353689194
105.474722147
105.513504982
105.64349103
105.875558138
106.032633066
106.169681072
106.306204081
106.524579048
106.654932022
106.777482986
106.901809216
107.050554037
107.170289993
107.297404051
107.412286997
107.540472031
107.673547983
107.824329138
107.983429193
108.143277168
108.266281128
108.378228188
108.494537115
108.608641148
108.724006176
108.878415108
109.010757208
109.147939205
109.288698196
109.435842991
109.58032012
109.721940041
109.860546112
110.023066044
110.180845022
110.320039988
110.449213028
110.589244127
110.721961021
110.855768204
110.97853303
111.119551182
111.254967213
111.39244318
111.575250149
111.718937159
111.873291016
112.025598049
112.177323103
112.311688185
112.440524101
112.579128027
112.722392082
112.865517139
113.004613161
113.142884016
113.279989004
113.404709101
113.526208162
113.662765026
113.789498091
113.920281172
114.048861027
114.181061983
114.322728157
114.448374987
114.584372044
114.720153093
114.857910156
114.986837149
115.135035038
115.275801182
115.391873121
115.517347097
115.652148008
115.704583168
115.818847179
115.934446096
116.04877305
116.180251122
116.307043076
116.448137045
116.563963175
116.696611166
116.814036131
116.929242134
117.044320107
117.18188715
117.296231031
117.409385204
117.522616148
117.64213109
117.753965139
117.879235029
118.005396128
118.140803099
118.252658129
118.379909992
118.500461102
118.614876986
118.726054192
118.84961009
118.973937988
119.109743118
119.218736172
119.338571072
119.450139046
119.562341213
119.67793417
119.797914982
119.918424129
120.046285152
120.174450159
120.296478987
120.413346052
120.522968054
120.646248102
120.758973122
120.882405043
121.005262136
121.121345043
123.483020067
123.600750208
123.715373993
123.82863307
123.951997042
124.080265999
124.211853981
124.330674171
124.450585127
124.577387094
124.690044165
124.808536053
124.9468081
125.080888033
125.205788136
125.316351175
125.425462008
125.544591188
125.661702156
125.779247046
125.897083998
126.020148993
126.133164167
126.252927065
126.369784117
126.484243155
126.619399071
126.755586147
126.879626036
126.991700172
127.114953995
127.223467112
127.331928015
127.452955008
127.586505175
127.721715212
127.847468138
127.959428072
128.086665154
128.199958086
128.317731142
128.43592
128.565818071
128.698564053
128.813611031
128.92407012
129.037834167
129.154095173
129.278377056
129.428837061
129.565254211
129.627708197
129.762461185
129.886512995
130.005526066
130.197188139
130.389644146
130.509212017
130.637320042
130.761074066
130.877082109
130.991607189
131.105869055
131.222485065
131.342642069
131.461324215
131.580366135
131.696686029
131.806029081
131.919710159
132.035776138
132.158711195
132.282836199
132.398591995
132.524719
132.655426025
132.771718979
132.902772188
133.031075001
133.162961006
133.286691189
133.405295134
133.521606207
133.634164095
133.748777151
133.866333008
133.986942053
134.099009991
134.2126441
134.32588315
134.445505142
134.564682007
134.689985991
134.805150032
134.924307108
135.039280176
135.165816069
135.274389029
135.396384001
135.523330212
135.645667076
135.770732164
135.887821198
135.998543024
136.12699604
136.252590179
136.359081984
136.494714022
136.631150007
136.762266159
136.891230106
137.028110027
137.16023016
137.291323185
137.410091162
137.53353405
137.659370184
137.797067165
137.917340994
138.03460598
138.157351017
138.274893045
138.400826216
138.523473978
138.639234066
138.762535095
138.909834146
139.039669037
139.181476116
139.309679985
139.521020174
139.832851171
140.215036154
140.512390137
140.728316069
140.97926116
141.22631216
141.584039211
141.839790106
142.136581182
142.332117081
142.582401037
142.788208008
143.056923151
143.313582182
143.524598122
143.77768898
144.096157074
144.352836132
144.626700163
144.887704134
145.147474051
145.424660206
145.669406176
145.906297207
146.179895163
146.42782712
146.674451113
146.885421038
147.189379215
147.422464132
147.745298147
147.972961187
148.294816017
148.521700144
148.75752902
148.980130196
149.271815062
149.503092051
149.7333951
149.93565321
150.19204402
150.445044041
150.757642984
150.988620996
151.279093981
151.544453144
151.783483982
151.997802019
152.204064131
152.435404062
152.732636213
152.91331315
153.252610207
153.444241047
153.704104185
153.895134211
154.245654106
156.244723082
156.48687911
156.77225709
157.037412167
157.273988008
157.501965046
157.74694109
157.9863801
158.306505203
158.548230171
158.759251118
159.097029209
159.391972065
159.702017069
159.980779171
160.180639029
160.459824085
160.750686169
160.95005703
161.208814144
161.453231096
161.731650114
161.922250032
162.143973112
162.345626116
162.69865799
162.944079161
164.152667999
164.594464064
164.924988985
165.168874025
165.457385063
165.650453091
165.903604031
166.196305037
166.426323175
166.704281092
166.944864035
167.215587139
167.481053114
167.745018005
167.973275185
168.16525507
168.396181107
168.660439014
168.880310059
169.119086027
169.384559155
169.649843216
169.899240017
170.136893988
170.363910198
170.573970079
170.78234911
171.001773119
171.201454163
171.400840998
171.584530115
171.756814003
171.947879076
172.210039139
172.388522148
172.598428011
172.812825203
172.997839212
173.224140167
173.460870981
173.664530039
173.829102039
173.99101305
174.12024498
174.250279188
174.393253088
174.525036097
174.650971174
174.784273148
174.919491053
175.049157143
175.186509132
175.311340094
175.429175138
175.556997061
175.684615135
175.79324007
175.903697014
176.035341978
176.171423197
176.308207989
176.430826187
176.558716059
176.692198038
176.822332144
176.95633316
177.091185093
177.224961996
177.345272064
177.474328041
177.593372107
177.7096591
177.834532022
177.958861113
178.083376169
178.217463017
178.339663029
178.461858034
178.585015059
178.709223986
178.874980211
179.064540148
179.28113699
179.478187084
179.649453163
179.859944105
180.11660099
180.323698044
180.575278997
180.770551205
181.010907173
181.221998215
181.526477098
181.82874012
182.101240158
182.372742176
182.594144106
182.855213165
183.092231989
183.306099176
183.592773199
183.852620125
184.075431108
184.300197124
184.508819103
184.815243006
185.104828119
185.371048212
185.564907074
185.790894032
186.007380009
186.265531063
186.528973103
186.83331418
187.108277082
187.336072206
187.598050117
187.860517979
188.093187094
188.368844986
188.63670516
188.848462105
189.100952148
189.336096048
189.631923199
189.81270504
190.069431067
190.320627213
190.514521122
190.804727077
191.097921133
191.309004068
191.575246096
191.824251175
192.093751192
192.285080194
192.511133194
192.710061073
192.930955172
193.602331161
193.857637167
194.136386156
194.376873016
194.587334156
194.846671104
195.037156105
195.231852055
195.426978111
195.608488083
195.81479001
196.049629211
196.257705212
196.433765173
196.632997036
196.855543137
197.072574139
197.335308075
197.419299126
197.622376204
197.843620062
198.030712128
198.280833006
198.502956152
198.644387007
198.77534318
198.906594992
199.033055067
199.152510166
199.381318092
199.507295132
199.63322401
199.759568214
199.873272181
199.998682022
200.120319128
200.242238045
200.370437145
200.484569073
200.605792046
200.732474089
200.844335079
200.955082178
201.073434114
201.188469172
201.312330008
201.444522142
201.56922698
201.684524059
201.804504156
201.927249193
202.06423521
202.189441204
202.304928064
202.424504995
202.539206982
202.655322075
202.773610115
202.903859138
203.028452158
203.146070004
203.272834063
203.399382114
203.521484137
203.647311211
203.776152134
203.906026125
204.028092146
204.145179987
204.280853987
204.407041073
204.525579214
204.647482157
204.770556211
204.892067194
205.023324013
205.146306992
205.2789042
205.415614128
205.549017191
205.67882514
205.811781168
205.922878981
206.044073105
206.173747063
206.313323021
206.44068718
206.576532125
206.723662138
206.873498201
207.000542164
207.144550085
207.276167154
207.40832901
207.537880182
207.671543121
207.80114007
207.942589998
208.085438013
208.212542057
208.347684145
208.512059212
208.653020144
208.786250114
208.9365592
209.069656134
209.209492207
209.333635092
209.46132803
209.613366127
209.756777048
209.875209093
210.005273104
210.130380154
210.257037163
210.382022142
210.513200045
210.64833498
210.784499168
210.913521051
211.037512064
211.172381163
211.330142021
211.512683153
211.713430166
212.011027098
212.219413042
212.444716215
212.682759047
212.909962177
213.141960144
213.486042023
213.743499994
214.005722046
214.236654043
214.437736034
214.651099205
214.868460178
215.121953011
215.347037077
215.621232986
215.865883112
216.096635103
216.379968166
216.753618002
217.048421144
217.305579185
217.569935083
217.891982079
218.104763985
218.455847979
218.744710207
218.959433079
219.164139032
219.432979107
219.692367077
219.94268918
220.246548176
220.441395998
220.660386086
220.893179178
221.149273157
221.459048986
221.733026028
221.97112298
222.204696178
222.451853037
222.698407173
222.930002213
223.240727186
223.520137072
223.702822208
223.917320013
224.238953114
224.458548069
224.705832005
224.93592
225.221421003
225.415408134
225.634695053
225.863416195
226.073702097
226.264938116
226.596683025
226.906887054
227.207059145
227.482248068
227.71918416
227.94602108
228.20165801
228.458786011
228.725351095
228.932554007
229.125253201
229.36887002
229.576590061
229.836205006
230.052906036
230.239675999
230.456587076
230.642580986
230.908742189
231.15883708
231.435883045
231.659304142
231.926699162
232.208538055
232.441154003
232.700855017
232.960522175
233.176215172
233.38412118
233.662437201
233.972567081
234.175876141
234.368625164
234.629825115
234.87382412
235.161924124
235.404815197
235.567608118
235.780580997
236.01581502
236.243246078
236.507791042
236.77256608
237.019697189
237.338363171
237.629065037
237.928765059
238.115397215
238.34683919
238.668164015
238.968400002
239.189924002
239.455207109
239.732995987
239.981692076
240.229346037
240.461615086
240.711243153
240.939433098
241.173413992
241.414633036
241.619302034
241.955085993
242.220304012
242.394632101
242.537361145
242.673629999
242.808736086
242.942218065
243.072279215
243.227009058
243.383243084
243.518671989
243.634083033
243.765138149
243.904926062
244.033481121
244.160454035
244.293174982
244.424389124
244.605600119
244.818831205
244.972058058
245.108007193
245.250488997
245.37522912
245.500020981
245.628631115
245.762600183
245.888307095
246.012274981
246.144071102
246.275600195
246.405548096
246.53720212
246.669136047
246.791591167
246.913854122
247.043901205
247.175672054
247.30787921
247.452464104
247.580579042
247.709675074
247.834061146
247.955332041
248.079265118
248.203505039
248.323600054
248.440852165
248.559491158
248.680047035
248.807063103
248.939076185
249.064386129
249.186000109
249.3123281
249.440437078
249.568649054
249.835332155
249.956628084
250.081402063
250.41242218
250.522185087
250.639382124
250.746829033
250.871553183
251.003800154
251.124108076
251.257604122
251.371889114
251.478657007
251.605739117
251.72755909
251.857656002
251.99084115
252.112882137
252.229959011
252.349561214
252.474977016
252.614581108
252.74861908
252.878776073
253.013098001
253.143627167
253.269021988
253.404578209
253.536269188
253.680739164
253.80727005
253.937923193
254.084200144
254.223223209
254.349225998
254.478640079
254.614565134
254.744502068
254.869049072
255.007918119
255.140775204
255.271021128
255.390677214
255.535495996
255.6736691
255.795665979
255.937749147
256.085340023
256.212227106
256.34012413
256.477210999
256.604408026
256.736540079
256.858165979
256.980118036
257.113110065
257.251219034
257.37787509
257.500617027
257.647026062
257.797868013
257.946850061
258.063140154
258.20117712
258.328047037
258.448568106
258.565510988
258.696247101
258.832298994
258.950829983
259.083298206
259.209483147
259.324016094
259.452963114
259.584403992
259.712200165
259.826817989
260.022633076
260.153089046
260.195284128
260.31697011
260.430757999
260.556421041
260.68061614
260.794527054
260.921559095
261.049650192
261.178287029
261.216858149
261.339936018
261.462275028
261.582504034
261.71332407
261.8265481
261.958146095
262.082664013
262.214410067
262.343291044
262.479231119
262.595077991
262.713901997
262.845013142
262.957091093
263.087057114
263.242362022
263.353941202
263.470000982
263.581470013
263.695707083
263.815927982
263.94936204
264.07965517
264.196402073
264.317989111
264.430497169
264.547626019
264.662831068
264.789596081
264.924563169
265.049355984
265.18078804
265.290590048
265.417786121
265.56302309
265.685042143
265.809534073
265.92851615
266.050551176
266.181910038
266.309893131
266.434918165
266.571550131
266.713256121
266.837560177
266.949714184
267.079774141
267.210650206
267.349075079
267.466986179
267.584309101
267.694588184
267.810447216
267.931989193
268.049611092
268.17537117
268.287604094
268.404915094
268.534622192
268.656499147
268.790901184
268.926088095
269.048583031
269.186303139
269.299823999
269.420608997
269.549171209
269.688534021
269.819881201
269.955207109
270.083315134
270.210558176
270.338253021
270.453407049
270.565446138
270.682878017
270.798103094
270.917436123
271.031432152
271.234328032
271.350743055
271.469502211
271.594313145
271.718066216
271.827218056
271.939141035
272.054031134
272.173863173
272.285956144
272.396920204
272.509705067
272.629211187
272.755715132
272.885177135
273.006333113
273.121520996
273.252230167
273.372285128
273.50605607
273.630010128
273.775787115
273.911559105
274.033677101
274.163057089
274.318989992
274.441663027
274.567015171
274.70352602
274.830705166
274.955119133
275.093337059
275.221585035
275.352367163
275.466510057
275.593360186
275.727069139
275.855650187
275.974616051
276.095058203
276.23517704
276.361862183
276.489570141
276.611025095
276.753679037
276.889098167
277.006180048
277.127916098
277.254020214
277.366214991
277.496574163
277.6291852
277.764247179
277.889569998
278.023403168
278.144564152
278.271845102
278.397194147
278.525956154
278.660981178
278.785574198
278.907298088
279.035365105
279.158707142
279.289578199
279.430320024
279.553141117
279.664350033
279.7771101
280.967086077
281.501991034
281.638153076
281.748433113
281.858803034
281.98816514
282.129336119
282.261152029
282.382884979
282.494109154
282.621803999
282.755344152
282.867151022
282.999799013
283.115827084
283.23466301
283.374082088
306.248234987
306.374237061
306.489829063
306.620910168
306.748858213
306.883368015
307.100839138
307.240892172
307.371105194
307.500512123
307.620571136
307.753084183
307.873250008
308.022922993
308.151546001
308.278146029
308.394586086
308.514559984
308.630793095
308.756547213
308.88303709
309.011422157
309.131283998
309.252808094
309.378010035
309.49455905
309.61867404
309.748707056
309.862119198
309.978144169
310.101392031
310.212677002
310.320384979
310.435703039
310.54966712
310.589990139
310.704833031
310.750550985
310.863912106
310.911179066
311.031944036
311.078213215
311.208196163
311.320478201
311.445852041
311.484481096
311.599606991
311.652865171
311.780758142
311.819575071
311.946377993
311.987027168
312.104200125
312.147302151
312.279107094
312.321485043
312.442425013
312.489245176
312.617984056
312.657605171
312.780966043
312.818485022
312.933011055
312.979413986
313.104608059
313.148687124
313.268059015
313.305778027
313.420071125
313.606593132
313.656534195
313.836475134
313.949631214
314.081955194
314.190737009
314.306472063
314.422301054
314.544135094
314.655273199
314.782522202
314.896353006
315.020768166
315.147965193
315.265670061
315.381787062
315.581061125
315.691933155
315.814707041
315.934864044
316.050649166
316.161957026
316.282973051
316.395859003
316.526806116
316.65093112
316.765828133
316.885564089
316.994945049
317.120066166
317.236682177
317.351678133
317.47508812
317.611425161
317.732604027
317.85634613
317.967778206
318.084117174
318.200798988
318.319317102
318.430299997
318.540366173
318.672846079
318.790299177
318.905633211
319.018048048
319.124886036
319.235331059
319.344480038
319.459765196
319.576570034
319.693852186
319.888365984
320.000717163
320.331500053
321.058955193
321.188324213
321.319373131
321.440539122
321.486818075
321.619386196
321.664021015
321.704972982
321.825525999
321.943135023
322.072463036
322.194541216
322.31222105
322.428821087
322.545809031
322.661642075
322.784986019
322.901478052
323.026755095
323.141874075
323.260548115
323.375763178
323.490043163
323.602009058
323.732839108
323.856176138
323.974270105
324.093638182
324.221870184
324.338837147
324.462100983
324.602006197
324.724509001
324.862022161
324.99517107
325.155923128
325.290343046
325.422077179
325.535344124
325.664612055
325.78829813
325.906740189
326.028784037
326.152667999
326.277846098
326.408129215
326.536798
326.659998178
326.778241158
326.908635139
327.029885054
327.15873313
327.273735046
327.396097183
327.536509991
327.670641184
327.793704987
327.922930002
328.042966127
328.172461987
328.297788143
328.42257309
328.540382147
328.686264992
328.804169178
328.949943066
329.072432041
329.192692041
329.311355114
329.435602188
329.562831163
329.69662714
329.820671082
329.945847034
330.094503164
330.221659184
330.337309122
330.452636003
330.568431139
330.700666189
330.829927206
330.948702097
331.072149992
331.207010984
331.33497715
331.471315145
331.593588114
331.714899063
331.847316027
331.972024202
332.101850033
332.229509115
332.359984159
332.47896719
332.59979701
332.726340055
332.844729185
332.962664127
333.074061155
333.202395201
333.326641083
333.438577175
333.561163187
333.673804998
333.794977188
333.91070509
334.022350073
334.139554024
334.251940012
334.363162994
334.474555016
334.594228983
334.714611053
334.82904911
334.947385073
335.135188103
335.468686104
335.596387148
335.708681107
336.047131062
336.169699192
336.343654156
336.749825001
337.865905046
337.98251009
338.102544069
338.22827816
338.340160131
338.450023174
338.557837009
338.67230916
338.790471077
338.909847021
339.036548138
339.17023921
339.296583176
339.405798197
339.524480104
339.637461185
339.757671118
339.872316122
340.004743099
340.112205982
340.220713139
340.335581064
340.447934151
340.574819088
340.70552206
340.817144156
340.93670702
341.061540127
341.178054094
341.305920124
341.424553156
341.540230989
341.656395197
341.773743153
341.885446072
341.998478174
342.118072033
342.239827156
342.369846106
342.490986109
342.608065128
342.735428095
342.856079102
342.978222132
343.098905087
343.21313405
343.337079048
343.451412201
343.565760136
343.67663908
343.794943094
343.913999081
344.035861015
344.155539989
344.279672146
344.405483007
344.516215086
344.635910988
344.753153086
344.88401413
345.005006075
345.119405031
345.243833065
345.369674206
345.478668213
345.599361181
345.739242077
345.861287117
345.975275993
346.107169151
346.218455076
346.339075089
348.44205904
348.553992987
348.674455166
348.789836168
348.905905008
349.018410206
349.13933301
349.254834175
349.372941017
349.487048149
349.609934092
349.729552031
349.846186161
349.956779003
350.087606192
350.214215994
350.336129189
350.447679043
350.560594082
350.678310156
350.78422904
350.90777421
351.024246216
351.145296097
351.262219191
351.378925085
351.493005991
351.607953072
351.719228983
351.84155798
351.958820105
352.079627991
352.200625181
352.317708015
352.435011148
352.554346085
352.677806139
352.795067072
352.915663004
353.027868986
353.152245045
353.271246195
353.394659042
353.515405178
353.631358147
353.749571085
353.868340015
353.98281002
354.11998105
354.248575211
354.363138199
354.477008104
354.594403982
354.706138134
354.812750101
354.930197001
355.04245019
355.176595211
355.290526152
355.41250515
355.522403002
355.637675047
355.752259016
355.868238211
355.98429513
356.109681129
356.21718502
356.340586185
356.457029104
356.573244095
356.68565011
356.805073023
356.921294212
357.030371189
357.138627052
357.264231205
357.387433052
357.51299715
357.621061087
357.747031212
357.863277197
357.975707054
358.092465162
358.218342066
358.346544981
358.46393609
358.580502987
358.697707176
358.814342022
358.931481123
359.045217037
359.164484978
359.28869319
359.416621208
359.534133196
359.648456097
359.764883995
359.886121035
360.006688118
360.133081198
360.277093172
360.387331009
360.515330076
360.631088018
360.753527164
360.867649078
360.991592169
361.107962132
361.222411156
361.335185051
361.452614069
361.569255114
361.687092066
361.818615198
361.936558008
362.054303169
362.165383101
362.280440092
362.391942024
362.517651081
362.637061119
362.75696516
362.880742073
362.997053146
363.115065098
363.233893156
363.349246979
363.456878185
363.580823183
363.702771187
363.813808203
363.927237034
364.049288988
364.170506001
364.284178019
364.404131174
364.527590036
364.658523083
364.773102045
364.890334129
365.024607182
365.14685607
365.258852005
365.375272036
365.496436119
365.621474028
365.738589048
365.85675621
365.969218016
366.093353987
366.219771147
366.331457138
366.452706099
366.564647198
366.689264059
366.803980112
366.924062014
367.04501605
367.15589118
367.270442009
367.398966074
367.516880989
367.629060984
367.748378038
367.859664202
367.982336044
368.105890036
368.222313166
368.331115007
368.455567122
368.571351051
368.692809105
368.806655169
368.921859026
369.032797098
369.151179075
369.262024164
369.387144089
369.504996061
369.628554106
369.737097979
369.857203007
369.969638109
370.092674017
370.225570202
370.347987175
370.465058088
370.578031063
370.69406414
370.811022997
370.921617985
371.033726215
371.154128075
371.271183014
371.394278049
371.524869204
371.642153978
371.756389141
371.864675999
371.989179134
372.109268188
372.230463982
372.34405303
372.458058119
372.576086998
372.693580151
372.80588007
372.923676014
373.036090136
373.164940119
373.292909145
373.41203618
373.544171095
373.668110132
373.782828093
373.913469076
374.029343128
374.154369116
374.26853013
374.388996124
374.499062061
374.620563984
374.736433983
374.862223148
374.988982201
375.114303112
375.229545116
375.344299078
375.461079121
375.573604107
375.694255114
375.825795174
375.940184116
376.062072992
376.181297064
376.294941187
376.419359207
376.537626982
376.656733036
376.769394159
376.897193193
377.021440029
377.142904043
377.255645037
377.367850065
377.499454021
377.625341177
377.746440172
377.859305143
377.970415115
378.09674716
378.217470169
378.333651066
378.447378159
378.567895174
378.697804213
378.810485125
378.932843208
379.052535057
379.175479174
379.302571058
379.430556059
379.559993982
379.681969166
379.794020176
379.906202078
380.03384614
380.149204016
380.267583132
380.38262701
380.498654127
380.619554043
380.742283106
380.858222008
380.969784021
381.09961319
381.224404097
381.337827206
381.45185709
381.567416191
381.679464102
381.799890995
381.919203997
382.030712128
382.147194147
382.274352074
382.398123026
382.524586201
382.646245003
382.75604105
382.870031118
382.989158154
383.107889175
383.232321024
383.352590084
383.465882063
383.58298111
383.703860044
383.814836979
383.931998014
384.047311068
384.171393156
384.299840212
384.412940979
384.533290148
384.65149498
384.76957202
384.898806095
385.018027067
385.129647017
385.242575169
385.361580133
385.472604036
385.594712019
385.712613106
385.835170984
385.942810059
386.072794199
386.187492132
386.303408146
386.424728155
386.535958052
386.65064621
386.766743183
386.875294209
387.005234003
387.132977009
387.256514072
387.372004986
387.481532097
387.604916096
387.722772121
387.855156183
387.972314119
388.102415085
388.214116096
388.332499981
388.449209213
388.572623014
388.705459118
388.825878143
388.952605009
389.070171118
389.198024035
389.320701122
389.441802979
389.571840048
389.695314169
389.818367004
389.954793215
390.077533007
390.20609498
390.336766005
390.475037098
390.605682135
390.728521109
390.844638109
390.967382193
391.086127043
391.213562012
391.336075068
391.450788021
391.567242146
391.685122013
391.805427074
391.939159155
392.07080102
392.186596155
392.308140039
392.437303066
392.567849159
392.681586981
392.805811167
392.919547081
393.044335127
393.175439119
393.294825077
393.419845104
393.556401014
393.682492018
393.801537037
393.92318511
394.043866158
394.173032045
394.300428152
394.433456182
394.550747156
394.67743516
394.802076101
394.926493168
395.051141024
395.181186199
395.311285019
395.45256114
395.583142042
395.709114075
395.824985027
395.951709032
396.072335005
396.196554184
396.328750134
396.451583147
396.580211163
396.708193064
396.844256163
396.989398003
397.109048128
397.222205162
397.348504066
397.478881121
397.593593121
397.716482162
397.843645096
397.960645199
398.079537153
398.206585169
398.345759153
398.465833187
398.577610016
398.692903042
398.814442158
398.945594072
399.074094057
399.193314075
399.315442085
399.446477175
399.589558125
399.720236063
399.844931126
399.962671041
400.094508171
400.216844082
400.331918001
400.452574015
400.576736212
400.696812153
400.821887016
400.945764065
401.067618132
401.18623805
401.319257021
401.445640087
401.583112001
401.716722012
401.840521097
401.976067066
402.094491005
402.2179842
402.343046188
402.484093189
402.613253117
402.743115187
402.86076498
402.986970186
403.112508059
403.233165026
403.356139183
403.480877161
403.612303019
403.735680103
403.865478039
403.986423016
404.108448982
404.226376057
404.353299141
404.485238075
404.616974115
404.747997046
404.868050098
404.995941162
405.127624035
405.252161026
405.383997202
405.510957003
405.652400017
405.778660059
405.900513172
406.023866177
406.155305147
406.281077147
406.408313036
406.526996136
406.658572197
406.787625074
406.923582077
407.052837133
407.188338995
407.317620039
407.444238186
407.566424131
407.687005997
407.800405025
407.924513102
408.060223103
408.192071199
408.30803299
408.427384138
408.557926178
408.691714048
408.821291208
408.945881128
409.067900181
409.188069105
409.319545031
409.448824167
409.569529057
409.691087008
409.814157009
409.938993216
410.059621096
410.186511993
410.315352201
410.434381008
410.555335999
410.68307519
410.80330801
410.926561117
411.046000004
411.172298193
411.293146133
411.421583176
411.553299189
411.689275026
411.820187092
411.95106411
412.076458216
412.204404116
412.327174187
412.457425117
412.590932131
412.717469215
412.831952095
412.956911087
413.089433193
413.218648195
413.335999012
413.463026047
413.587351084
413.710983038
413.836002111
413.960798979
414.091814995
414.2179842
414.343339205
414.475512028
414.596213102
414.719960213
414.838555098
414.964421034
415.094533205
415.226699114
415.351920128
415.47500515
415.595977068
415.72699213
415.843061209
415.968577147
416.249408007
416.37494421
416.492973089
416.620325089
416.749414206
416.932204008
417.266461134
417.396519184
417.528300047
417.658488989
417.786780119
417.905650139
418.037936211
418.170306206
418.293507099
418.33102107
418.461835146
418.507903099
418.630896091
418.668424129
418.79749608
418.928161144
419.050983191
419.183270216
419.308189154
419.430440187
419.549510002
419.680029154
419.728837013
419.863121986
419.90202713
420.039038181
420.087185144
420.208829165
420.245289087
420.364953041
420.494517088
420.627575159
420.754857063
420.866586208
421.00109601
421.128798008
421.254140139
421.375300169
421.499709129
421.626473188
421.744881153
421.868346214
421.99387598
422.128890991
422.255530119
422.375212193
422.499562025
422.629585028
422.747003078
422.868885994
423.001834154
423.128679991
423.249710083
423.368746996
423.495423079
423.955118179
424.092352152
424.208937168
424.329013109
424.46233511
424.598596096
424.726415157
424.766973019
424.902154207
425.435845137
425.560411215
425.679542065
425.808595181
425.944936991
426.071640015
426.194743156
426.315392017
426.435424089
426.566820145
426.699603081
426.82964921
426.94414115
427.062476158
427.397897005
427.588571072
427.704946041
427.829981089
427.956806183
428.000813007
428.10841012
428.236810207
428.27504921
428.395489216
428.512923002
428.550105095
428.672038078
428.713898182
428.841632128
428.892153025
429.01771307
429.055180073
429.184067011
429.227338076
429.348443031
429.390327215
429.512601137
429.56073308
429.674398184
429.808122158
430.004373074
430.19101119
430.313665152
430.438324213
430.568200111
430.69355917
430.819008112
431.086568117
431.263422012
431.396795034
431.532929182
431.674035072
431.810178041
431.942216158
432.071962118
432.205532074
432.326145172
432.442751169
432.565252066
432.728113174
432.89991498
433.042158127
433.184143066
433.314683199
433.477855206
433.608194113
433.748160124
433.87888217
433.932965994
434.073362112
434.203857183
434.335350037
434.471054077
434.603904009
434.74311018
434.874581099
435.003794193
435.131530046
435.267382145
435.401129007
435.536604166
435.675304174
435.807422161
435.937693119
436.071806192
436.209631205
436.339685202
436.478427172
436.609601021
436.737608194
